Experiment	bias spectroscopy	
Saved Date	02.12.2025 03:03:43	
User		
Date		
X (m)	140.359E-9	
Y (m)	414.726E-9	
Z (m)	-147.215E-9	
Z offset (m)	0E+0	
Settling time (s)	20E-3	
Integration time (s)	100E-3	
Z-Ctrl hold	TRUE	
Final Z (m)	N/A	
Start time	02.12.2025 03:02:06	
Filter type	Gaussian	
Order	2	
Cutoff frq		
Bias>Bias (V)	10E-3	
Bias>Calibration (V/V)	1E+0	
Bias>Offset (V)	895E-6	
Bias Spectroscopy>Sweep Start (V)	10E-3	
Bias Spectroscopy>Sweep End (V)	-10E-3	
Bias Spectroscopy>Num Pixel	201	
Bias Spectroscopy>Z Avg time (s)	20E-3	
Bias Spectroscopy>Z offset (m)	0E+0	
Bias Spectroscopy>1st Settling time (s)	100E-3	
Bias Spectroscopy>Settling time (s)	20E-3	
Bias Spectroscopy>Integration time (s)	100E-3	
Bias Spectroscopy>End Settling time (s)	10E-3	
Bias Spectroscopy>Z control time (s)	200E-3	
Bias Spectroscopy>Max Slew rate (V/s)	6E+0	
Bias Spectroscopy>backward sweep	FALSE	
Bias Spectroscopy>Z-controller hold	TRUE	
Bias Spectroscopy>Number of sweeps	4	
Bias Spectroscopy>Channels	Current (A);B-field (T);Bias (V);Z (m);LI Demod 1 X (A);LI Demod 1 Y (A)	
Bias Spectroscopy>Reset Bias	TRUE	
Bias Spectroscopy>Record final Z	FALSE	
Bias Spectroscopy>Lock-In run	TRUE	
Bias Spectroscopy>Revert Z Offset	FALSE	
Bias Spectroscopy>Z-Ctrl Alt. Setpnt. OnOff 	FALSE	
Bias Spectroscopy>Z-Ctrl Alt. Setpnt. Value	999.99900E-12	
Bias Spectroscopy>Z-Ctrl Alt. Setpnt. Settl. (s)	0E+0	
Current>Current (A)	-1.23791E-9	
Current>Calibration (A/V)	1E-9	
Current>Offset (A)	-11.3536E-12	
Current>Gain	LN 10^9	
Lock-in>Lock-in status	OFF	
Lock-in>Modulated signal	Bias (V)	
Lock-in>Frequency (Hz)	803E+0	
Lock-in>Amplitude	100E-6	
Lock-in>Demodulated signal	Current (A)	
Lock-in>HP Filter Cutoff D1 (Hz)	38.8562E+0	
Lock-in>HP Filter Cutoff D2 (Hz)	9.71405E+0	
Lock-in>HP Filter Order D1	OFF	
Lock-in>HP Filter Order D2	OFF	
Lock-in>Harmonic D1	1	
Lock-in>Harmonic D2	2	
Lock-in>Reference phase D1 (deg)	-27.0708E+0	
Lock-in>Reference phase D2 (deg)	90.2908E+0	
Lock-in>LP Filter Cutoff D1 (Hz)	19.4281E+0	
Lock-in>LP Filter Cutoff D2 (Hz)	1.2434E+3	
Lock-in>LP Filter Order D1	2	
Lock-in>LP Filter Order D2	OFF	
Lock-in>Sync Filter D1	ON	
Lock-in>Sync Filter D2	ON	
NanonisMain>Session Path	C:\Data\Nickelocene\FGT\2025-11-26	
NanonisMain>SW Version	Generic 5	
NanonisMain>UI Release	15216	
NanonisMain>RT Release	15216	
NanonisMain>RT Frequency (Hz)	20E+3	
NanonisMain>Signals Oversampling	10	
NanonisMain>Acquisition Period (s)	20E-3	
NanonisMain>Animations Period (s)	20E-3	
NanonisMain>Indicators Period (s)	300E-3	
NanonisMain>Measurements Period (s)	500E-3	

[DATA]
Bias calc (V)	Current (A)	B-field (T)	Bias (V)	Z (m)	LI Demod 1 X (A)	LI Demod 1 Y (A)	Current (A) [filt]	B-field (T) [filt]	Bias (V) [filt]	Z (m) [filt]	LI Demod 1 X (A) [filt]	LI Demod 1 Y (A) [filt]
9.9999998E-3	1.0649488E-9	-545.39624E-6	9.9999998E-3	-147.21545E-9	15.826812E-12	155.69856E-15	NaN	NaN	NaN	NaN	NaN	NaN
9.8999999E-3	1.0501513E-9	-526.85413E-6	9.8999999E-3	-147.21545E-9	15.647629E-12	53.257024E-15	157.19009E-9	-120.74734E-3	1.0000000E+0	-0.0000000E+0	980.64090E-12	296.57954E-12
9.8000001E-3	1.0313135E-9	-521.68453E-6	9.8000001E-3	-147.21545E-9	15.820137E-12	144.75298E-15	149.16426E-9	-73.511161E-3	1.0000000E+0	-0.0000000E+0	1.2830557E-9	225.92758E-12
9.6999994E-3	1.0208604E-9	-519.35826E-6	9.6999994E-3	-147.21545E-9	15.270941E-12	89.387848E-15	144.42671E-9	-1.2793946E-3	1.0000000E+0	-0.0000000E+0	702.88725E-12	236.59069E-12
9.5999995E-3	1.0067837E-9	-530.32185E-6	9.5999995E-3	-147.21545E-9	15.374542E-12	74.937926E-15	145.71258E-9	35.997424E-3	1.0000000E+0	-0.0000000E+0	-224.54298E-12	368.18809E-12
9.4999997E-3	990.38022E-12	-541.77607E-6	9.4999997E-3	-147.21545E-9	15.832825E-12	-47.033236E-15	152.66703E-9	27.901307E-3	1.0000000E+0	-0.0000000E+0	-762.93266E-12	429.33385E-12
9.3999999E-3	973.89230E-12	-530.04554E-6	9.3999999E-3	-147.21545E-9	15.772186E-12	-53.441094E-15	161.49443E-9	-50.640752E-6	1.0000000E+0	-0.0000000E+0	-674.47897E-12	289.15878E-12
9.3000000E-3	956.96828E-12	-527.83807E-6	9.3000000E-3	-147.21545E-9	15.667686E-12	-6.7191312E-15	166.63810E-9	-25.827948E-3	1.0000000E+0	-0.0000000E+0	-16.202345E-12	72.456374E-12
9.2000002E-3	941.84405E-12	-529.14035E-6	9.2000002E-3	-147.21545E-9	15.583774E-12	-74.410923E-15	168.63318E-9	-27.014803E-3	1.0000000E+0	-0.0000000E+0	315.47734E-12	131.33204E-12
9.0999994E-3	921.99526E-12	-522.64135E-6	9.0999994E-3	-147.21545E-9	15.730061E-12	12.560846E-15	163.06498E-9	-8.2130386E-3	1.0000000E+0	-0.0000000E+0	347.49717E-12	60.404709E-12
8.9999996E-3	906.47800E-12	-525.07926E-6	8.9999996E-3	-147.21545E-9	15.647910E-12	-197.62749E-15	158.34306E-9	-6.5192692E-3	1.0000000E+0	-0.0000000E+0	591.36823E-12	-307.72002E-12
8.8999998E-3	896.24380E-12	-529.68203E-6	8.8999998E-3	-147.21545E-9	15.395230E-12	53.432570E-15	164.94999E-9	-4.9494058E-3	1.0000000E+0	-0.0000000E+0	606.25222E-12	-611.09573E-12
8.8000000E-3	875.48102E-12	-519.93097E-6	8.8000000E-3	-147.21545E-9	15.398276E-12	252.34128E-15	177.85747E-9	4.8958547E-3	1.0000000E+0	-0.0000000E+0	226.01751E-12	-465.67150E-12
8.7000001E-3	852.28608E-12	-524.96954E-6	8.7000001E-3	-147.21545E-9	15.563573E-12	53.865641E-15	184.92683E-9	7.8306897E-3	1.0000000E+0	-0.0000000E+0	469.15677E-12	48.906816E-12
8.6000003E-3	835.78922E-12	-533.01029E-6	8.5999994E-3	-147.21545E-9	15.620102E-12	28.924396E-15	176.25042E-9	10.521634E-3	1.0000093E+0	-0.0000000E+0	515.33516E-12	659.90913E-12
8.4999995E-3	822.40120E-12	-525.34207E-6	8.4999995E-3	-147.21545E-9	14.877323E-12	-94.694760E-15	158.54364E-9	14.486613E-3	999.99070E-3	-0.0000000E+0	776.57775E-12	251.20608E-12
8.3999997E-3	807.66932E-12	-528.22224E-6	8.3999997E-3	-147.21545E-9	15.481814E-12	-134.69971E-15	145.80139E-9	1.2049007E-3	1.0000000E+0	-0.0000000E+0	100.99577E-12	-358.92997E-12
8.2999999E-3	791.43392E-12	-533.87741E-6	8.2999999E-3	-147.21545E-9	15.240999E-12	312.41025E-15	150.14682E-9	2.3964134E-3	1.0000000E+0	-0.0000000E+0	-92.408879E-12	-779.80522E-12
8.2000000E-3	780.16343E-12	-523.34764E-6	8.2000000E-3	-147.21545E-9	15.533141E-12	82.589866E-15	155.79397E-9	14.551940E-3	1.0000000E+0	-0.0000000E+0	-267.77236E-12	-604.71800E-12
8.1000002E-3	758.31552E-12	-533.98329E-6	8.1000002E-3	-147.21545E-9	15.115090E-12	260.16079E-15	156.49175E-9	12.698605E-3	1.0000000E+0	-0.0000000E+0	454.29016E-12	-28.574062E-12
7.9999994E-3	744.83553E-12	-538.26580E-6	7.9999994E-3	-147.21545E-9	15.351005E-12	143.79250E-15	151.34445E-9	11.554133E-3	1.0000000E+0	-0.0000000E+0	-80.265045E-12	513.33338E-12
7.8999996E-3	732.76074E-12	-528.29325E-6	7.8999996E-3	-147.21545E-9	15.203606E-12	-27.543479E-15	151.18100E-9	6.4948220E-3	1.0000000E+0	-0.0000000E+0	145.02313E-12	361.21489E-12
7.7999998E-3	716.99913E-12	-536.12160E-6	7.7999998E-3	-147.21545E-9	15.539100E-12	45.845292E-15	149.37466E-9	5.2189077E-3	1.0000000E+0	-0.0000000E+0	214.51627E-12	108.37798E-12
7.7000000E-3	698.23286E-12	-532.77012E-6	7.7000000E-3	-147.21545E-9	15.018318E-12	101.63228E-15	154.22745E-9	-175.78744E-6	1.0000000E+0	-0.0000000E+0	725.91361E-12	-147.74916E-12
7.6000001E-3	686.12371E-12	-540.08712E-6	7.5999997E-3	-147.21545E-9	15.092941E-12	166.10354E-15	160.99483E-9	-5.1298500E-3	1.0000046E+0	-0.0000000E+0	345.66158E-12	-315.76100E-12
7.4999998E-3	670.14427E-12	-526.94971E-6	7.4999998E-3	-147.21545E-9	15.137891E-12	26.214081E-15	168.55579E-9	-14.043138E-3	999.99535E-3	-0.0000000E+0	208.21825E-12	-24.914215E-12
7.3999995E-3	648.25184E-12	-529.54647E-6	7.4000000E-3	-147.21545E-9	15.297439E-12	238.29688E-15	173.82155E-9	-3.2543808E-3	999.99535E-3	-0.0000000E+0	163.94823E-12	96.764353E-12
7.2999997E-3	631.53999E-12	-535.04982E-6	7.2999997E-3	-147.21545E-9	15.013902E-12	-392.07292E-18	169.13444E-9	5.6298547E-3	1.0000046E+0	-0.0000000E+0	960.03228E-12	169.46156E-12
7.1999999E-3	616.75604E-12	-533.92194E-6	7.1999999E-3	-147.21545E-9	14.863890E-12	73.459881E-15	161.27127E-9	11.792311E-3	1.0000000E+0	-0.0000000E+0	677.01167E-12	164.80185E-12
7.1000000E-3	604.39281E-12	-534.02974E-6	7.1000000E-3	-147.21545E-9	14.710046E-12	105.14280E-15	156.65607E-9	-1.0820823E-3	1.0000000E+0	-0.0000000E+0	215.47036E-12	278.50092E-12
6.9999998E-3	583.65002E-12	-533.17688E-6	6.9999998E-3	-147.21545E-9	15.278126E-12	-16.993659E-15	163.84678E-9	-19.016968E-3	1.0000000E+0	-0.0000000E+0	242.39219E-12	298.54544E-12
6.8999999E-3	568.93579E-12	-530.60526E-6	6.8999999E-3	-147.21545E-9	14.901913E-12	-11.530975E-15	167.12937E-9	-15.367431E-3	1.0000000E+0	-0.0000000E+0	1.0769181E-9	254.88064E-12
6.7999996E-3	550.74689E-12	-522.24298E-6	6.7999996E-3	-147.21545E-9	14.412862E-12	-99.285922E-15	162.40683E-9	-14.426144E-3	1.0000000E+0	-0.0000000E+0	1.2871784E-9	37.838722E-12
6.6999998E-3	535.90760E-12	-534.87619E-6	6.6999998E-3	-147.21545E-9	14.457966E-12	70.346208E-15	150.29170E-9	-16.083386E-3	1.0000000E+0	-0.0000000E+0	674.79122E-12	-442.58974E-12
6.6000000E-3	523.26615E-12	-524.24509E-6	6.6000000E-3	-147.21545E-9	14.767890E-12	26.475233E-15	144.01726E-9	-31.724393E-3	1.0000000E+0	-0.0000000E+0	-31.572019E-12	-497.12690E-12
6.5000001E-3	509.03998E-12	-518.28718E-6	6.4999997E-3	-147.21545E-9	14.796631E-12	234.77482E-15	143.13352E-9	-27.487451E-3	1.0000046E+0	-0.0000000E+0	260.45183E-12	-344.13009E-12
6.3999998E-3	494.19546E-12	-513.01555E-6	6.3999998E-3	-147.21545E-9	14.315153E-12	86.743296E-15	146.92981E-9	-11.401101E-3	999.99535E-3	-0.0000000E+0	673.63448E-12	95.020956E-12
6.2999995E-3	477.75645E-12	-525.63578E-6	6.3000000E-3	-147.21545E-9	14.321941E-12	65.226172E-15	145.75353E-9	18.958179E-3	999.99535E-3	-0.0000000E+0	628.67928E-12	193.81621E-12
6.1999997E-3	464.13143E-12	-526.28596E-6	6.1999997E-3	-147.21545E-9	14.642529E-12	31.004377E-15	142.16791E-9	23.903016E-3	1.0000046E+0	-0.0000000E+0	425.58043E-12	39.423895E-12
6.0999999E-3	452.83075E-12	-524.69445E-6	6.0999999E-3	-147.21545E-9	14.373128E-12	93.514402E-15	143.51322E-9	13.135745E-3	1.0000000E+0	-0.0000000E+0	825.39153E-12	-211.23926E-12
6.0000001E-3	436.16430E-12	-526.24918E-6	6.0000001E-3	-147.21545E-9	14.158122E-12	212.49517E-15	147.59080E-9	-8.0076419E-3	1.0000000E+0	-0.0000000E+0	1.4162826E-9	-88.727865E-12
5.8999998E-3	418.97180E-12	-525.04701E-6	5.8999998E-3	-147.21545E-9	13.921211E-12	73.764650E-15	152.44677E-9	-16.779473E-3	1.0000000E+0	-0.0000000E+0	1.2142422E-9	99.995470E-12
5.7999999E-3	406.09388E-12	-518.91600E-6	5.7999999E-3	-147.21545E-9	13.989038E-12	25.353582E-15	149.07017E-9	-14.598507E-3	1.0000000E+0	-0.0000000E+0	693.71708E-12	156.73565E-12
5.7000001E-3	390.19901E-12	-518.44213E-6	5.7000001E-3	-147.21545E-9	14.126985E-12	101.03712E-15	141.51342E-9	-1.4336571E-3	1.0000000E+0	-0.0000000E+0	616.93811E-12	-36.800188E-12
5.5999998E-3	378.46543E-12	-524.03205E-6	5.5999998E-3	-147.21545E-9	13.746082E-12	106.80781E-15	141.95409E-9	23.343531E-3	1.0000000E+0	-0.0000000E+0	862.67543E-12	-120.31282E-12
5.5000000E-3	364.28069E-12	-526.38474E-6	5.5000000E-3	-147.21545E-9	13.718499E-12	163.02335E-15	146.27130E-9	31.974688E-3	1.0000000E+0	-0.0000000E+0	814.48009E-12	-44.366712E-12
5.3999997E-3	345.65070E-12	-534.24085E-6	5.3999997E-3	-147.21545E-9	13.680137E-12	24.225417E-15	147.96676E-9	9.7800223E-3	1.0000000E+0	-0.0000000E+0	695.11896E-12	19.336824E-12
5.2999998E-3	333.43728E-12	-528.47923E-6	5.2999998E-3	-147.21545E-9	13.775611E-12	117.06916E-15	145.49720E-9	-11.191606E-3	1.0000000E+0	-0.0000000E+0	555.23386E-12	144.90109E-12
5.2000000E-3	319.23295E-12	-517.50592E-6	5.2000000E-3	-147.21545E-9	13.494776E-12	155.72092E-15	143.50600E-9	-4.8382292E-3	1.0000000E+0	-0.0000000E+0	1.0622424E-9	297.54041E-12
5.0999997E-3	305.87458E-12	-527.39517E-6	5.0999997E-3	-147.21545E-9	13.441512E-12	-70.579942E-15	142.91692E-9	18.181110E-3	1.0000000E+0	-0.0000000E+0	944.22459E-12	294.56310E-12
4.9999999E-3	288.78097E-12	-536.29791E-6	4.9999999E-3	-147.21545E-9	13.202960E-12	-20.685771E-15	143.59843E-9	39.664514E-3	1.0000000E+0	-0.0000000E+0	1.1316228E-9	106.34409E-12
4.9000001E-3	275.62047E-12	-535.83749E-6	4.9000001E-3	-147.21545E-9	13.506514E-12	50.466284E-15	138.86665E-9	35.335604E-3	1.0000000E+0	-0.0000000E+0	1.4322509E-9	-20.613480E-12
4.7999998E-3	263.87725E-12	-538.15858E-6	4.7999998E-3	-147.21545E-9	12.892879E-12	109.43607E-15	133.41705E-9	27.018171E-3	1.0000000E+0	-0.0000000E+0	2.5227749E-9	-6.1642640E-12
4.6999999E-3	249.74009E-12	-537.39350E-6	4.6999999E-3	-147.21545E-9	12.642889E-12	-69.685658E-15	131.09202E-9	26.103269E-3	1.0000000E+0	-0.0000000E+0	3.1450591E-9	105.19033E-12
4.6000001E-3	237.10506E-12	-548.96332E-6	4.6000001E-3	-147.21545E-9	12.177617E-12	-45.786095E-15	132.40737E-9	24.306396E-3	1.0000000E+0	-0.0000000E+0	3.9568504E-9	-52.226862E-12
4.4999998E-3	222.94604E-12	-545.46463E-6	4.4999998E-3	-147.21545E-9	12.022109E-12	100.36159E-15	131.36273E-9	-2.1950044E-3	1.0000000E+0	-0.0000000E+0	4.1924237E-9	-323.95139E-12
4.4000000E-3	210.40318E-12	-542.47986E-6	4.4000000E-3	-147.21545E-9	11.216643E-12	92.986986E-15	124.03252E-9	-36.842018E-3	1.0000000E+0	-0.0000000E+0	4.8745119E-9	-321.56094E-12
4.3000001E-3	198.73031E-12	-532.61581E-6	4.2999997E-3	-147.21545E-9	10.826317E-12	129.86608E-15	115.13921E-9	-57.176899E-3	1.0000046E+0	-0.0000000E+0	4.8310311E-9	-80.199521E-12
4.1999999E-3	189.10923E-12	-524.46593E-6	4.1999999E-3	-147.21545E-9	10.272803E-12	26.414990E-15	104.58908E-9	-40.019393E-3	999.99535E-3	-0.0000000E+0	4.6847455E-9	84.480853E-12
4.1000000E-3	178.84380E-12	-527.16403E-6	4.1000000E-3	-147.21545E-9	10.041424E-12	86.434298E-15	95.976304E-9	-14.170679E-3	1.0000000E+0	-0.0000000E+0	4.4072110E-9	106.88693E-12
3.9999997E-3	170.35144E-12	-531.64607E-6	3.9999997E-3	-147.21545E-9	9.4737169E-12	94.254296E-15	90.618080E-9	14.624050E-3	1.0000000E+0	-0.0000000E+0	4.9149516E-9	32.496426E-12
3.8999999E-3	162.35423E-12	-529.25461E-6	3.8999999E-3	-147.21545E-9	8.9211694E-12	988.80932E-18	91.280334E-9	24.703374E-3	1.0000000E+0	-0.0000000E+0	5.3632712E-9	-58.786490E-12
3.8000001E-3	152.59780E-12	-537.66405E-6	3.7999998E-3	-147.21545E-9	8.2774265E-12	124.47332E-15	90.151232E-9	23.781363E-3	1.0000024E+0	-0.0000000E+0	5.8383431E-9	-1.6011660E-12
3.6999998E-3	141.51806E-12	-536.29011E-6	3.7000000E-3	-147.21545E-9	7.7740783E-12	92.631442E-15	84.713236E-9	4.5599747E-3	999.99535E-3	-0.0000000E+0	5.8924652E-9	31.664168E-12
3.5999999E-3	136.21121E-12	-538.21027E-6	3.5999999E-3	-147.21545E-9	7.1003576E-12	15.431444E-15	76.493528E-9	-18.461173E-3	1.0000024E+0	-0.0000000E+0	6.0874630E-9	93.411563E-12
3.5000001E-3	130.37735E-12	-526.55069E-6	3.4999999E-3	-147.21545E-9	6.5351015E-12	68.921119E-15	71.014703E-9	-36.077168E-3	1.0000024E+0	-0.0000000E+0	6.0444636E-9	142.66184E-12
3.3999998E-3	121.88638E-12	-523.98688E-6	3.3999998E-3	-147.21545E-9	5.8227802E-12	25.835010E-15	67.372156E-9	-22.078682E-3	999.99768E-3	-0.0000000E+0	5.6593494E-9	119.38497E-12
3.3000000E-3	114.45988E-12	-526.12007E-6	3.3000000E-3	-147.21545E-9	5.3857387E-12	39.207908E-15	64.246009E-9	2.3393699E-3	1.0000000E+0	-0.0000000E+0	4.9261892E-9	70.366012E-12
3.2000002E-3	110.60620E-12	-531.57116E-6	3.1999999E-3	-147.21545E-9	5.0511882E-12	-14.897095E-15	55.959845E-9	8.1473403E-3	1.0000024E+0	-0.0000000E+0	4.2004102E-9	-30.063910E-12
3.0999999E-3	105.24619E-12	-533.41384E-6	3.0999999E-3	-147.21545E-9	4.6106213E-12	38.021994E-15	47.991676E-9	-4.9959486E-3	999.99768E-3	-0.0000000E+0	3.3892362E-9	-160.84485E-12
3.0000000E-3	101.18489E-12	-520.03685E-6	3.0000000E-3	-147.21545E-9	4.3299205E-12	114.75461E-15	45.158469E-9	-12.062394E-3	1.0000000E+0	-0.0000000E+0	2.7912486E-9	-169.88772E-12
2.8999997E-3	96.973776E-12	-525.20132E-6	2.9000000E-3	-147.21545E-9	4.2328849E-12	53.623321E-15	45.565290E-9	5.4132966E-3	999.99768E-3	-0.0000000E+0	2.3737712E-9	-65.546804E-12
2.7999999E-3	91.702201E-12	-530.48006E-6	2.7999999E-3	-147.21545E-9	3.9697664E-12	68.620687E-15	44.333433E-9	22.427449E-3	1.0000024E+0	-0.0000000E+0	2.1259203E-9	96.348464E-12
2.7000001E-3	87.475485E-12	-536.58907E-6	2.6999998E-3	-147.21545E-9	3.7002940E-12	46.360807E-15	42.822208E-9	15.134600E-3	1.0000024E+0	-0.0000000E+0	1.8575450E-9	85.156396E-12
2.5999998E-3	84.040837E-12	-531.82873E-6	2.6000000E-3	-147.21545E-9	3.5689431E-12	19.146534E-15	39.935575E-9	-7.4272756E-3	999.99535E-3	-0.0000000E+0	1.3821152E-9	-3.3824298E-12
2.4999999E-3	79.836845E-12	-522.50962E-6	2.4999999E-3	-147.21545E-9	3.5706481E-12	90.415387E-15	37.535248E-9	-21.429770E-3	1.0000024E+0	-0.0000000E+0	822.98240E-12	-25.354382E-12
2.4000001E-3	76.541010E-12	-530.31731E-6	2.3999999E-3	-147.21545E-9	3.5203667E-12	48.670151E-15	36.755036E-9	-23.912912E-3	1.0000024E+0	-0.0000000E+0	554.27113E-12	-31.400955E-12
2.2999998E-3	72.841184E-12	-523.90486E-6	2.3000001E-3	-147.21545E-9	3.4329638E-12	45.886380E-15	36.709970E-9	-14.569917E-3	999.99535E-3	-0.0000000E+0	602.03614E-12	-13.974850E-12
2.2000000E-3	69.063165E-12	-519.33766E-6	2.2000000E-3	-147.21545E-9	3.3862173E-12	69.704035E-15	35.789764E-9	4.8539452E-3	1.0000024E+0	-0.0000000E+0	534.08322E-12	1.0081065E-12
2.1000002E-3	65.435775E-12	-526.18393E-6	2.0999999E-3	-147.21545E-9	3.2885448E-12	56.465666E-15	34.534448E-9	41.156963E-3	1.0000024E+0	-0.0000000E+0	420.42830E-12	4.0302575E-12
2.0000003E-3	62.473110E-12	-534.21827E-6	1.9999999E-3	-147.21545E-9	3.3795761E-12	66.484172E-15	32.927534E-9	58.014508E-3	1.0000024E+0	-0.0000000E+0	305.65445E-12	-4.8575727E-12
1.8999996E-3	59.387072E-12	-551.52585E-6	1.8999999E-3	-147.21545E-9	3.2623505E-12	30.014406E-15	32.030869E-9	35.022702E-3	999.99183E-3	-0.0000000E+0	317.83146E-12	15.863892E-12
1.7999997E-3	55.953152E-12	-535.05565E-6	1.8000000E-3	-147.21545E-9	3.2429578E-12	88.544427E-15	31.765580E-9	621.07679E-6	1.0000012E+0	-0.0000000E+0	195.40609E-12	20.411936E-12
1.6999999E-3	52.835659E-12	-530.37482E-6	1.6999999E-3	-147.21545E-9	3.2230902E-12	41.598727E-15	32.751981E-9	-802.10291E-6	1.0000024E+0	-0.0000000E+0	217.12269E-12	-390.31343E-15
1.6000001E-3	49.828183E-12	-540.93613E-6	1.6000000E-3	-147.21545E-9	3.3000659E-12	30.796366E-15	33.352265E-9	8.2218461E-3	1.0000012E+0	-0.0000000E+0	238.07820E-12	-20.467468E-12
1.5000002E-3	45.704444E-12	-548.14341E-6	1.5000000E-3	-147.21545E-9	3.1550203E-12	94.187739E-15	33.620317E-9	19.386094E-3	1.0000012E+0	-0.0000000E+0	461.13582E-12	-35.865536E-12
1.4000004E-3	42.785369E-12	-537.91713E-6	1.4000000E-3	-147.21545E-9	3.1011589E-12	48.529103E-15	33.398585E-9	1.9080504E-3	1.0000024E+0	-0.0000000E+0	473.27892E-12	-76.893374E-12
1.2999997E-3	39.561070E-12	-539.65196E-6	1.3000000E-3	-147.21545E-9	3.0535483E-12	74.794893E-15	32.819990E-9	-13.126310E-3	999.99183E-3	-0.0000000E+0	379.09056E-12	-35.797913E-12
1.1999998E-3	36.159888E-12	-539.66616E-6	1.1999999E-3	-147.21545E-9	3.1071434E-12	88.743059E-15	32.399832E-9	-11.762624E-3	1.0000024E+0	-0.0000000E+0	188.72305E-12	11.973475E-12
1.1000000E-3	33.046562E-12	-537.61108E-6	1.1000000E-3	-147.21545E-9	3.0427974E-12	53.132513E-15	32.764852E-9	-2.0745245E-3	1.0000012E+0	-0.0000000E+0	331.48020E-12	19.740307E-12
1.0000002E-3	29.622589E-12	-537.94682E-6	999.99993E-6	-147.21545E-9	3.0190332E-12	69.939944E-15	32.446426E-9	-7.2462838E-3	1.0000024E+0	-0.0000000E+0	190.89580E-12	41.281339E-12
900.00033E-6	26.426656E-12	-539.20003E-6	899.99998E-6	-147.21545E-9	2.8816537E-12	57.692031E-15	31.995608E-9	8.1356987E-3	1.0000012E+0	-0.0000000E+0	127.49589E-12	37.746563E-12
799.99957E-6	23.444965E-12	-533.48357E-6	799.99998E-6	-147.21545E-9	3.1488137E-12	62.416753E-15	31.755189E-9	10.030268E-3	999.99243E-3	-0.0000000E+0	42.073230E-12	34.190869E-12
699.99974E-6	20.163196E-12	-550.80664E-6	699.99998E-6	-147.21545E-9	2.9571898E-12	51.945292E-15	31.573322E-9	22.507194E-3	1.0000018E+0	-0.0000000E+0	212.61241E-12	20.310632E-12
599.99991E-6	16.977187E-12	-535.66322E-6	599.99997E-6	-147.21545E-9	2.9135724E-12	39.782742E-15	31.149998E-9	22.164933E-3	1.0000018E+0	-0.0000000E+0	173.43144E-12	12.498772E-12
500.00008E-6	13.885640E-12	-551.63051E-6	499.99997E-6	-147.21545E-9	2.9082639E-12	78.058314E-15	30.649087E-9	5.6042429E-3	1.0000018E+0	-0.0000000E+0	148.87422E-12	29.650643E-12
400.00025E-6	11.133798E-12	-547.87804E-6	399.99999E-6	-147.21545E-9	3.0213139E-12	36.344293E-15	30.180971E-9	-28.718544E-3	1.0000014E+0	-0.0000000E+0	-49.905909E-12	9.4876320E-12
300.00042E-6	7.9518128E-12	-532.17099E-6	299.99999E-6	-147.21545E-9	2.9471013E-12	30.284633E-15	30.273362E-9	-34.307070E-3	1.0000018E+0	-0.0000000E+0	35.828607E-12	15.975882E-12
199.99966E-6	4.8803652E-12	-531.25416E-6	199.99999E-6	-147.21545E-9	2.8964407E-12	79.142977E-15	30.564788E-9	-20.801513E-3	999.99231E-3	-0.0000000E+0	123.00397E-12	3.9497186E-12
99.999830E-6	1.8478270E-12	-537.15531E-6	99.999997E-6	-147.21545E-9	2.9393270E-12	27.912702E-15	30.926660E-9	26.724346E-3	1.0000017E+0	-0.0000000E+0	-27.137627E-12	5.7535999E-12
0.0000000E+0	-1.2577916E-12	-545.53698E-6	10.665839E-18	-147.21545E-9	2.9201871E-12	54.562833E-15	31.139642E-9	46.332795E-3	1.0000017E+0	-0.0000000E+0	-307.80553E-12	5.1670790E-12
-99.999830E-6	-4.4420348E-12	-553.32400E-6	-99.999997E-6	-147.21545E-9	3.0498848E-12	34.878604E-15	31.577830E-9	23.021169E-3	1.0000017E+0	-0.0000000E+0	-445.15031E-12	18.981837E-12
-199.99966E-6	-7.6447520E-12	-543.95769E-6	-199.99999E-6	-147.21545E-9	3.0627679E-12	59.077987E-15	31.816896E-9	-3.2084116E-3	1.0000017E+0	-0.0000000E+0	-401.29861E-12	1.7963567E-12
-300.00042E-6	-10.871113E-12	-539.58286E-6	-299.99999E-6	-147.21545E-9	3.0790823E-12	39.174085E-15	31.820321E-9	-21.940628E-3	999.99231E-3	-0.0000000E+0	-331.09113E-12	7.6320139E-12
-400.00025E-6	-13.971688E-12	-546.56545E-6	-399.99999E-6	-147.21545E-9	3.1133496E-12	28.943123E-15	31.895514E-9	-23.930375E-3	1.0000018E+0	-0.0000000E+0	-194.31104E-12	-29.013571E-12
-500.00008E-6	-17.159881E-12	-536.07509E-6	-499.99997E-6	-147.21545E-9	3.1358915E-12	66.328182E-15	32.207641E-9	-19.217292E-3	1.0000014E+0	-0.0000000E+0	-153.62303E-12	28.814043E-12
-599.99991E-6	-20.503028E-12	-536.50705E-6	-599.99997E-6	-147.21545E-9	3.1215527E-12	58.905544E-15	32.950609E-9	-19.148607E-3	1.0000018E+0	-0.0000000E+0	-287.38345E-12	73.783979E-12
-699.99974E-6	-23.802049E-12	-536.49739E-6	-699.99998E-6	-147.21545E-9	3.1393013E-12	-11.236100E-15	34.067650E-9	-20.454789E-3	1.0000018E+0	-0.0000000E+0	-537.63294E-12	119.49937E-12
-799.99957E-6	-27.378684E-12	-533.42670E-6	-799.99998E-6	-147.21545E-9	3.3159907E-12	22.464003E-15	34.637107E-9	-447.03559E-6	1.0000018E+0	-0.0000000E+0	-656.11255E-12	39.948954E-12
-900.00033E-6	-31.071909E-12	-531.21801E-6	-899.99998E-6	-147.21545E-9	3.3828099E-12	13.135269E-15	34.486110E-9	5.6530852E-3	999.99243E-3	-0.0000000E+0	-549.61691E-12	-87.985626E-12
-1.0000002E-3	-34.211939E-12	-543.42893E-6	-999.99993E-6	-147.21545E-9	3.3251960E-12	61.426951E-15	33.835075E-9	15.212598E-3	1.0000012E+0	-0.0000000E+0	-268.22775E-12	-131.28454E-12
-1.1000000E-3	-37.527672E-12	-535.15314E-6	-1.1000000E-3	-147.21545E-9	3.3657688E-12	62.117927E-15	33.739770E-9	6.7509362E-3	1.0000024E+0	-0.0000000E+0	-183.60344E-12	-17.969902E-12
-1.1999998E-3	-40.867650E-12	-540.84574E-6	-1.1999999E-3	-147.21545E-9	3.3584652E-12	32.962965E-15	34.525218E-9	1.9447212E-3	1.0000012E+0	-0.0000000E+0	-293.12539E-12	33.775156E-12
-1.2999997E-3	-44.647903E-12	-533.69207E-6	-1.3000000E-3	-147.21545E-9	3.4831547E-12	15.988126E-15	35.966188E-9	-2.0698679E-3	1.0000024E+0	-0.0000000E+0	-337.22214E-12	1.4226789E-12
-1.3999995E-3	-48.314568E-12	-540.41250E-6	-1.4000000E-3	-147.21545E-9	3.4731749E-12	51.184371E-15	36.446256E-9	10.262610E-3	1.0000012E+0	-0.0000000E+0	-272.70117E-12	-57.150798E-12
-1.5000002E-3	-52.087883E-12	-540.00254E-6	-1.5000000E-3	-147.21545E-9	3.4321396E-12	82.572783E-15	36.586602E-9	3.9604190E-3	999.99303E-3	-0.0000000E+0	-341.55578E-12	-57.251502E-12
-1.6000001E-3	-55.417622E-12	-541.24149E-6	-1.6000000E-3	-147.21545E-9	3.5336064E-12	36.703811E-15	36.922401E-9	-1.6455334E-3	1.0000012E+0	-0.0000000E+0	-425.27035E-12	12.209323E-12
-1.6999999E-3	-59.322637E-12	-536.20490E-6	-1.6999999E-3	-147.21545E-9	3.6325565E-12	42.203823E-15	37.886114E-9	-21.046180E-3	1.0000012E+0	-0.0000000E+0	-506.81115E-12	28.680787E-12
-1.7999997E-3	-63.403699E-12	-536.17393E-6	-1.8000000E-3	-147.21545E-9	3.6248283E-12	42.669447E-15	38.404760E-9	-21.093328E-3	1.0000024E+0	-0.0000000E+0	-447.85214E-12	46.822841E-12
-1.8999996E-3	-67.243433E-12	-528.87626E-6	-1.8999999E-3	-147.21545E-9	3.6521558E-12	66.773552E-15	37.098580E-9	-11.258545E-3	1.0000012E+0	-0.0000000E+0	-286.26021E-12	8.5702938E-12
-2.0000003E-3	-70.805549E-12	-534.94977E-6	-1.9999999E-3	-147.21545E-9	3.7052948E-12	6.7878463E-15	36.425725E-9	-1.2770663E-3	999.99183E-3	-0.0000000E+0	-291.66550E-12	-46.748036E-12
-2.1000002E-3	-73.494100E-12	-536.95252E-6	-2.0999999E-3	-147.21545E-9	3.6921967E-12	54.097734E-15	37.035161E-9	1.4930291E-3	1.0000024E+0	-0.0000000E+0	-372.74067E-12	-82.680723E-12
-2.2000000E-3	-78.519406E-12	-530.54007E-6	-2.2000000E-3	-147.21545E-9	3.7864612E-12	107.35723E-15	39.514848E-9	1.9342438E-3	1.0000024E+0	-0.0000000E+0	-448.15357E-12	-122.95016E-12
-2.2999998E-3	-82.346713E-12	-534.44813E-6	-2.3000001E-3	-147.21545E-9	3.8163721E-12	42.908873E-15	40.986244E-9	-3.0285497E-3	1.0000024E+0	-0.0000000E+0	-618.35193E-12	-56.321010E-12
-2.3999996E-3	-86.705088E-12	-535.02340E-6	-2.3999999E-3	-147.21545E-9	3.8726010E-12	104.47067E-15	41.409308E-9	-366.12680E-6	1.0000000E+0	-0.0000000E+0	-714.28663E-12	30.219681E-12
-2.4999995E-3	-90.439566E-12	-532.04375E-6	-2.4999999E-3	-147.21545E-9	4.0393643E-12	39.692963E-15	41.749384E-9	7.8359284E-3	1.0000024E+0	-0.0000000E+0	-770.48307E-12	107.92207E-12
-2.6000002E-3	-94.629415E-12	-534.59918E-6	-2.6000000E-3	-147.21545E-9	4.0153445E-12	65.609315E-15	43.741828E-9	-3.2677532E-3	999.99303E-3	-0.0000000E+0	-899.05261E-12	100.53967E-12
-2.7000001E-3	-99.929287E-12	-539.17803E-6	-2.6999998E-3	-147.21545E-9	4.1536934E-12	24.335748E-15	44.785573E-9	-18.457098E-3	1.0000000E+0	-0.0000000E+0	-1.3214322E-9	51.418036E-12
-2.7999999E-3	-104.21523E-12	-525.34527E-6	-2.7999999E-3	-147.21545E-9	4.3216975E-12	26.829921E-15	44.947733E-9	-24.304068E-3	1.0000024E+0	-0.0000000E+0	-1.8173558E-9	-17.235591E-12
-2.8999997E-3	-108.22418E-12	-523.22948E-6	-2.9000000E-3	-147.21545E-9	4.6570300E-12	97.624911E-15	45.775128E-9	-8.6822696E-3	1.0000024E+0	-0.0000000E+0	-2.3426787E-9	-47.610686E-12
-2.9999996E-3	-112.91553E-12	-531.30323E-6	-3.0000000E-3	-147.21545E-9	4.8485278E-12	17.861594E-15	48.994572E-9	8.1485044E-3	1.0000024E+0	-0.0000000E+0	-2.6944464E-9	4.9193726E-12
-3.1000003E-3	-118.69242E-12	-536.89512E-6	-3.0999999E-3	-147.21545E-9	5.1348149E-12	72.895588E-15	53.216333E-9	12.340512E-3	999.99070E-3	-0.0000000E+0	-3.2433705E-9	24.267682E-12
-3.2000002E-3	-124.79870E-12	-528.71683E-6	-3.1999999E-3	-147.21545E-9	5.5424372E-12	16.436661E-15	56.419132E-9	-3.0809366E-3	1.0000024E+0	-0.0000000E+0	-3.9306687E-9	37.326163E-12
-3.3000000E-3	-129.86912E-12	-526.90128E-6	-3.3000000E-3	-147.21545E-9	6.0641388E-12	62.700991E-15	59.274214E-9	-5.5454532E-3	1.0000024E+0	-0.0000000E+0	-4.7362323E-9	15.966768E-12
-3.3999998E-3	-136.12333E-12	-530.30567E-6	-3.3999998E-3	-147.21545E-9	6.5729366E-12	48.071651E-15	64.460494E-9	11.585090E-3	1.0000000E+0	-0.0000000E+0	-5.2578950E-9	103.37557E-12
-3.4999996E-3	-143.46023E-12	-534.79098E-6	-3.4999999E-3	-147.21545E-9	7.1684559E-12	3.4781401E-15	72.216523E-9	32.964218E-3	1.0000024E+0	-0.0000000E+0	-5.9216796E-9	12.542275E-12
-3.5999995E-3	-151.79367E-12	-538.43431E-6	-3.5999999E-3	-147.21545E-9	7.7196279E-12	3.6220450E-15	79.067441E-9	21.098567E-3	1.0000024E+0	-0.0000000E+0	-6.4966503E-9	-124.86252E-12
-3.7000002E-3	-160.54764E-12	-542.64837E-6	-3.7000000E-3	-147.21545E-9	8.6364266E-12	98.012933E-15	84.823306E-9	-5.1891734E-3	999.99303E-3	-0.0000000E+0	-6.5767289E-9	-180.28841E-12
-3.8000001E-3	-168.35963E-12	-529.81178E-6	-3.7999998E-3	-147.21545E-9	9.2437863E-12	118.61034E-15	89.552685E-9	-15.217255E-3	1.0000000E+0	-0.0000000E+0	-6.1066014E-9	1.5735189E-12
-3.8999999E-3	-178.98392E-12	-528.68773E-6	-3.8999999E-3	-147.21545E-9	9.5912557E-12	24.113944E-15	97.331892E-9	3.3038724E-3	1.0000024E+0	-0.0000000E+0	-5.8821104E-9	151.15573E-12
-3.9999997E-3	-188.56149E-12	-539.77338E-6	-3.9999997E-3	-147.21545E-9	10.179442E-12	-33.204813E-15	104.91583E-9	30.949648E-3	1.0000000E+0	-0.0000000E+0	-6.0077219E-9	78.342312E-12
-4.0999996E-3	-201.24816E-12	-545.27936E-6	-4.1000000E-3	-147.21545E-9	11.052977E-12	71.692604E-15	113.65636E-9	34.274474E-3	1.0000046E+0	-0.0000000E+0	-6.3812431E-9	-141.39860E-12
-4.2000003E-3	-211.97580E-12	-546.41243E-6	-4.1999999E-3	-147.21545E-9	11.640166E-12	114.75062E-15	119.84156E-9	5.7112924E-3	999.99070E-3	-0.0000000E+0	-6.3264971E-9	-185.49738E-12
-4.3000001E-3	-225.62757E-12	-537.38640E-6	-4.2999997E-3	-147.21545E-9	12.142577E-12	80.880059E-15	126.16998E-9	-17.469313E-3	1.0000000E+0	-0.0000000E+0	-6.2547989E-9	61.462578E-12
-4.4000000E-3	-238.41715E-12	-535.78522E-6	-4.4000000E-3	-147.21545E-9	12.709069E-12	36.854871E-15	131.15850E-9	-14.291169E-3	1.0000046E+0	-0.0000000E+0	-6.3662724E-9	356.29766E-12
-4.4999998E-3	-251.78587E-12	-540.16651E-6	-4.4999998E-3	-147.21545E-9	13.626954E-12	-28.948212E-15	135.36778E-9	-4.2922404E-3	1.0000000E+0	-0.0000000E+0	-6.5642394E-9	303.96752E-12
-4.5999996E-3	-266.50682E-12	-540.42542E-6	-4.6000001E-3	-147.21545E-9	14.192376E-12	-60.291446E-15	138.58799E-9	-6.2317229E-3	1.0000046E+0	-0.0000000E+0	-6.0563985E-9	56.883359E-12
-4.6999995E-3	-279.46026E-12	-536.54064E-6	-4.6999999E-3	-147.21545E-9	14.675112E-12	39.885569E-15	144.33867E-9	-12.510012E-3	1.0000000E+0	-0.0000000E+0	-5.0442113E-9	-293.45820E-12
-4.8000002E-3	-294.99850E-12	-530.80800E-6	-4.7999998E-3	-147.21545E-9	15.028380E-12	45.417385E-15	152.77190E-9	-10.359720E-3	999.99070E-3	-0.0000000E+0	-4.3168784E-9	-434.48359E-12
-4.9000001E-3	-311.57574E-12	-537.37545E-6	-4.9000001E-3	-147.21545E-9	15.369126E-12	156.26550E-15	161.01092E-9	2.3824435E-3	1.0000046E+0	-0.0000000E+0	-3.6512176E-9	-420.24717E-12
-4.9999999E-3	-328.86785E-12	-537.74606E-6	-4.9999999E-3	-147.21545E-9	15.964728E-12	114.79638E-15	166.82544E-9	400.46938E-6	1.0000000E+0	-0.0000000E+0	-2.8838787E-9	-193.21370E-12
-5.0999997E-3	-345.49230E-12	-537.26247E-6	-5.0999997E-3	-147.21545E-9	15.815668E-12	165.59872E-15	167.13103E-9	-12.908735E-3	1.0000000E+0	-0.0000000E+0	-2.3224518E-9	152.42363E-12
-5.1999995E-3	-362.00784E-12	-529.46701E-6	-5.2000000E-3	-147.21545E-9	16.019309E-12	103.54765E-15	166.41550E-9	-27.885592E-3	1.0000046E+0	-0.0000000E+0	-2.3000564E-9	492.02115E-12
-5.2999994E-3	-378.29004E-12	-528.37591E-6	-5.2999998E-3	-147.21545E-9	16.470866E-12	-62.696952E-15	166.83516E-9	-24.564838E-3	1.0000000E+0	-0.0000000E+0	-1.7091739E-9	417.93954E-12
-5.4000001E-3	-395.42017E-12	-527.56560E-6	-5.3999997E-3	-147.21545E-9	16.740394E-12	-48.634707E-15	169.04571E-9	1.1146682E-3	999.99070E-3	-0.0000000E+0	-1.2192758E-9	78.971212E-12
-5.5000000E-3	-412.66343E-12	-527.24214E-6	-5.5000000E-3	-147.21545E-9	16.190401E-12	79.904365E-15	169.20522E-9	20.651530E-3	1.0000046E+0	-0.0000000E+0	-375.94991E-12	-225.03167E-12
-5.5999998E-3	-429.94575E-12	-541.23311E-6	-5.5999998E-3	-147.21545E-9	16.554026E-12	112.85511E-15	169.31708E-9	19.282484E-3	1.0000000E+0	-0.0000000E+0	-630.78121E-12	-186.15139E-12
-5.6999996E-3	-445.41723E-12	-533.78765E-6	-5.7000001E-3	-147.21545E-9	16.593681E-12	31.622149E-15	169.08947E-9	6.5047173E-3	1.0000046E+0	-0.0000000E+0	-919.89072E-12	-32.214953E-12
-5.7999995E-3	-463.62894E-12	-530.27534E-6	-5.7999999E-3	-147.21545E-9	16.980802E-12	-5.5088533E-15	173.96530E-9	-3.1112048E-3	1.0000000E+0	-0.0000000E+0	-1.0377134E-9	-12.575276E-12
-5.8999993E-3	-480.56248E-12	-534.47782E-6	-5.8999998E-3	-147.21545E-9	16.657191E-12	124.45546E-15	179.08344E-9	-6.8260240E-3	1.0000000E+0	-0.0000000E+0	-345.33199E-12	-17.733445E-12
-5.9999991E-3	-500.91248E-12	-534.11431E-6	-6.0000001E-3	-147.21545E-9	16.771381E-12	100.53067E-15	182.89956E-9	5.4272916E-3	1.0000046E+0	-0.0000000E+0	-713.47561E-12	128.31615E-12
-6.0999990E-3	-518.09623E-12	-532.23036E-6	-6.0999999E-3	-147.21545E-9	16.859267E-12	-26.385449E-15	181.12098E-9	8.1543252E-3	1.0000000E+0	-0.0000000E+0	-970.35391E-12	150.53217E-12
-6.2000006E-3	-536.07740E-12	-536.68139E-6	-6.1999997E-3	-147.21545E-9	17.299500E-12	-45.545202E-15	180.38044E-9	19.514371E-3	999.98140E-3	-0.0000000E+0	-875.50012E-12	280.41305E-12
-6.3000005E-3	-553.43097E-12	-536.24687E-6	-6.3000000E-3	-147.21545E-9	17.079182E-12	125.93384E-15	179.37404E-9	28.369298E-3	1.0000046E+0	-0.0000000E+0	17.416653E-12	-11.677792E-12
-6.4000003E-3	-572.57188E-12	-546.88955E-6	-6.3999998E-3	-147.21545E-9	16.832456E-12	-143.43739E-15	179.48062E-9	23.166107E-3	1.0000000E+0	-0.0000000E+0	-289.24829E-12	-132.26606E-12
-6.5000001E-3	-590.20927E-12	-543.39797E-6	-6.4999997E-3	-147.21545E-9	16.918217E-12	138.62473E-15	177.33956E-9	-7.0425570E-3	1.0000000E+0	-0.0000000E+0	-854.61299E-12	-247.49092E-12
-6.6000000E-3	-606.79756E-12	-539.06767E-6	-6.6000000E-3	-147.21545E-9	17.692452E-12	48.272848E-15	173.51816E-9	-28.690023E-3	1.0000046E+0	-0.0000000E+0	-1.1247793E-9	-173.74251E-12
-6.6999998E-3	-624.62135E-12	-529.32499E-6	-6.6999998E-3	-147.21545E-9	17.327985E-12	93.163778E-15	171.15283E-9	-29.025299E-3	1.0000000E+0	-0.0000000E+0	-199.33741E-12	-86.729679E-12
-6.7999996E-3	-640.65553E-12	-532.78625E-6	-6.7999996E-3	-147.21545E-9	17.067079E-12	71.516225E-15	175.65867E-9	-12.462282E-3	1.0000000E+0	-0.0000000E+0	417.53132E-12	375.39194E-12
-6.8999995E-3	-658.72663E-12	-538.61702E-6	-6.8999999E-3	-147.21545E-9	17.063772E-12	-17.826567E-15	183.39361E-9	16.713776E-3	1.0000046E+0	-0.0000000E+0	152.22225E-12	405.16651E-12
-6.9999993E-3	-679.81776E-12	-530.66341E-6	-6.9999998E-3	-147.21545E-9	17.403539E-12	-110.58682E-15	189.58811E-9	36.049813E-3	1.0000000E+0	-0.0000000E+0	-695.15693E-12	291.82443E-12
-7.0999991E-3	-698.45651E-12	-549.02921E-6	-7.1000000E-3	-147.21545E-9	17.473774E-12	-33.133422E-15	190.85266E-9	27.848339E-3	1.0000046E+0	-0.0000000E+0	-467.02303E-12	-78.751602E-12
-7.1999989E-3	-717.10016E-12	-548.23700E-6	-7.1999999E-3	-147.21545E-9	17.291732E-12	4.5834693E-15	186.39399E-9	17.281884E-3	1.0000000E+0	-0.0000000E+0	-207.85491E-12	-290.69214E-12
-7.3000006E-3	-735.10165E-12	-535.92795E-6	-7.2999997E-3	-147.21545E-9	17.188313E-12	70.413442E-15	179.03432E-9	8.4987571E-3	999.98140E-3	-0.0000000E+0	-482.03680E-12	-220.58684E-12
-7.4000005E-3	-752.62885E-12	-548.68445E-6	-7.4000000E-3	-147.21545E-9	17.599715E-12	17.552988E-15	176.18382E-9	18.391324E-3	1.0000046E+0	-0.0000000E+0	-755.36927E-12	-55.150579E-12
-7.5000003E-3	-768.76305E-12	-546.05794E-6	-7.4999998E-3	-147.21545E-9	17.756583E-12	-9.3070049E-15	179.62995E-9	34.557946E-3	1.0000000E+0	-0.0000000E+0	-419.76911E-12	27.945020E-12
-7.6000001E-3	-787.93427E-12	-560.25747E-6	-7.5999997E-3	-147.21545E-9	17.383404E-12	63.538537E-15	184.98845E-9	50.629109E-3	1.0000000E+0	-0.0000000E+0	114.26643E-12	-66.759084E-12
-7.7000000E-3	-809.19477E-12	-553.57709E-6	-7.7000000E-3	-147.21545E-9	17.355280E-12	3.3960244E-15	182.01250E-9	33.552118E-3	1.0000046E+0	-0.0000000E+0	247.16382E-12	-160.03630E-12
-7.7999998E-3	-825.99649E-12	-567.24972E-6	-7.7999998E-3	-147.21545E-9	17.583438E-12	102.19059E-15	170.77535E-9	24.994994E-3	1.0000000E+0	-0.0000000E+0	473.32011E-12	-102.49791E-12
-7.8999996E-3	-838.85837E-12	-559.06689E-6	-7.8999996E-3	-147.21545E-9	17.588755E-12	72.441551E-15	159.85241E-9	4.4569680E-3	1.0000000E+0	-0.0000000E+0	531.32937E-12	204.72814E-12
-7.9999994E-3	-854.66084E-12	-561.54293E-6	-7.9999994E-3	-147.21545E-9	16.966293E-12	13.103797E-15	160.72171E-9	-8.0565363E-3	1.0000000E+0	-0.0000000E+0	637.98034E-12	460.77120E-12
-8.0999993E-3	-872.51917E-12	-560.26975E-6	-8.1000002E-3	-147.21545E-9	17.339049E-12	-112.69559E-15	173.14125E-9	-36.741901E-3	1.0000093E+0	-0.0000000E+0	19.203422E-12	338.36317E-12
-8.1999991E-3	-891.60967E-12	-552.67254E-6	-8.2000000E-3	-147.21545E-9	17.431395E-12	-133.39205E-15	184.76030E-9	-36.891498E-3	1.0000000E+0	-0.0000000E+0	-742.89658E-12	-227.76135E-12
-8.2999989E-3	-911.33584E-12	-542.26548E-6	-8.2999999E-3	-147.21545E-9	17.517888E-12	104.83589E-15	188.17424E-9	-34.546304E-3	1.0000000E+0	-0.0000000E+0	-911.47728E-12	-581.85895E-12
-8.4000006E-3	-929.47616E-12	-552.14117E-6	-8.3999997E-3	-147.21545E-9	17.582165E-12	186.31925E-15	190.93514E-9	-15.246657E-3	999.98140E-3	-0.0000000E+0	-543.75721E-12	-149.20101E-12
-8.5000005E-3	-947.63708E-12	-545.95340E-6	-8.4999995E-3	-147.21545E-9	17.458703E-12	56.757713E-15	195.29745E-9	-1.1821996E-3	1.0000000E+0	-0.0000000E+0	-693.10996E-12	282.06373E-12
-8.6000003E-3	-969.96267E-12	-548.18793E-6	-8.5999994E-3	-147.21545E-9	17.756678E-12	-240.51616E-15	199.70948E-9	-6.3772420E-3	1.0000000E+0	-0.0000000E+0	-634.66699E-12	316.50985E-12
-8.7000001E-3	-990.03905E-12	-548.71931E-6	-8.7000001E-3	-147.21545E-9	17.859405E-12	77.758234E-15	198.93565E-9	-8.4034540E-3	1.0000093E+0	-0.0000000E+0	-796.01392E-12	-170.50279E-12
-8.8000000E-3	-1.0090486E-9	-539.03472E-6	-8.8000000E-3	-147.21545E-9	17.597210E-12	121.49586E-15	192.78944E-9	-534.34726E-6	1.0000000E+0	-0.0000000E+0	-775.05841E-12	-299.03419E-12
-8.8999998E-3	-1.0269001E-9	-552.02690E-6	-8.8999998E-3	-147.21545E-9	18.078298E-12	75.272782E-15	183.59235E-9	-4.2043463E-3	1.0000000E+0	-0.0000000E+0	-1.2352119E-9	-157.41680E-12
-8.9999996E-3	-1.0451984E-9	-547.01028E-6	-8.9999996E-3	-147.21545E-9	17.950957E-12	-54.573821E-15	180.73129E-9	-3.7596391E-3	1.0000000E+0	-0.0000000E+0	-1.1688933E-9	305.69694E-12
-9.0999994E-3	-1.0619727E-9	-538.52081E-6	-9.0999994E-3	-147.21545E-9	18.470947E-12	76.015569E-15	181.49734E-9	-9.3138237E-3	1.0000000E+0	-0.0000000E+0	-687.62823E-12	276.71276E-12
-9.1999993E-3	-1.0817158E-9	-548.94399E-6	-9.2000002E-3	-147.21545E-9	18.006437E-12	-67.033957E-15	185.45641E-9	-8.0571184E-3	1.0000093E+0	-0.0000000E+0	450.40438E-12	-80.331845E-12
-9.2999991E-3	-1.1002141E-9	-539.24520E-6	-9.3000000E-3	-147.21545E-9	17.980391E-12	-45.789182E-15	191.68478E-9	-86.729560E-6	1.0000000E+0	-0.0000000E+0	288.95339E-12	-323.27055E-12
-9.3999989E-3	-1.1196019E-9	-547.22012E-6	-9.3999999E-3	-147.21545E-9	17.921503E-12	223.38862E-15	200.88410E-9	-920.26469E-6	1.0000000E+0	-0.0000000E+0	-114.94297E-12	-187.95371E-12
-9.5000006E-3	-1.1413057E-9	-543.04738E-6	-9.4999997E-3	-147.21545E-9	18.321667E-12	57.436769E-15	208.81498E-9	-18.620897E-3	999.98140E-3	-0.0000000E+0	-1.0254644E-9	164.42864E-12
-9.6000005E-3	-1.1635901E-9	-539.48798E-6	-9.5999995E-3	-147.21545E-9	18.257153E-12	-56.608764E-15	208.54132E-9	-25.327360E-3	1.0000000E+0	-0.0000000E+0	-675.83206E-12	280.82445E-12
-9.7000003E-3	-1.1848145E-9	-534.51204E-6	-9.6999994E-3	-147.21545E-9	18.374718E-12	-102.36832E-15	199.90932E-9	-35.147592E-3	1.0000000E+0	-0.0000000E+0	-744.00680E-12	-44.956563E-12
-9.8000001E-3	-1.2006650E-9	-532.90633E-6	-9.8000001E-3	-147.21545E-9	18.117969E-12	135.25330E-15	191.20738E-9	-29.687122E-3	1.0000093E+0	-0.0000000E+0	-698.95595E-12	-605.25723E-12
-9.8999999E-3	-1.2194999E-9	-530.07458E-6	-9.8999999E-3	-147.21545E-9	18.744388E-12	204.22825E-15	191.49049E-9	-25.347151E-3	1.0000000E+0	-0.0000000E+0	-775.64821E-12	-583.81844E-12
-9.9999998E-3	-1.2404974E-9	-527.95105E-6	-9.9999998E-3	-147.21545E-9	18.557532E-12	165.04670E-15	196.69633E-9	-23.123033E-3	1.0000000E+0	-0.0000000E+0	-885.02272E-12	-293.96213E-12
